A: 12.0, B: 444.0, C: 12.0 
 X1 = -5324.105261075209, X2 = -3.89473892479225, X0 = Nie istnieje