A: 5.0, B: 222.0, C: 50.0 
 X1 = -1104.3405137071177, X2 = -5.659486292882292, X0 = Nie istnieje