A: 4.0, B: 333.0, C: 43.0 
 X1 = -1329.930719277245, X2 = -2.069280722754911, X0 = Nie istnieje